1272977
Vernon
Albayeros Duarte
1311996
Eric
Millan Rodriguez
Testing graph 1 with backtrackinggreedy
My track:	[(29.0,628.0)]
Test track:	[(29.0,628.0)]
Graph 1 tested. Completed with 0 errors. Total time:0.002101245 Length difference: 0.0

Current Total Time: 0.002101245


Testing graph 2 with backtrackinggreedy
My track:	[(416.0,380.0),(514.0,478.0)]
Test track:	[(416.0,380.0),(514.0,478.0)]
Graph 2 tested. Completed with 0 errors. Total time:3.23156E-4 Length difference: 0.0

Current Total Time: 0.002424401


Testing graph 3 with backtrackinggreedy
My track:	[(544.0,145.0),(632.0,546.0),(320.0,612.0)]
Test track:	[(544.0,145.0),(632.0,546.0),(320.0,612.0)]
Graph 3 tested. Completed with 0 errors. Total time:6.48756E-4 Length difference: 0.0

Current Total Time: 0.003073157


Testing graph 4 with backtrackinggreedy
My track:	[(559.0,732.0),(584.0,488.0)]
Test track:	[(559.0,732.0),(584.0,488.0),(559.0,732.0)]
Graph 4 tested. Completed with 0 errors. Total time:0.001184089 Length difference: 0.0

Current Total Time: 0.004257246


Testing graph 5 with backtrackinggreedy
My track:	[(37.0,341.0),(442.0,157.0),(184.0,500.0),(106.0,799.0),(184.0,500.0),(234.0,713.0),(653.0,431.0),(678.0,212.0),(329.0,443.0)]
Test track:	[(37.0,341.0),(442.0,157.0),(184.0,500.0),(106.0,799.0),(184.0,500.0),(234.0,713.0),(653.0,431.0),(678.0,212.0),(329.0,443.0)]
Graph 5 tested. Completed with 0 errors. Total time:0.005605111 Length difference: 0.0

Current Total Time: 0.009862357


Testing graph 6 with backtrackinggreedy
My track:	[(232.0,900.0),(355.0,797.0),(363.0,406.0),(709.0,565.0),(226.0,424.0),(709.0,565.0),(363.0,406.0),(685.0,664.0),(850.0,224.0),(898.0,233.0),(294.0,303.0),(444.0,367.0),(415.0,986.0),(329.0,647.0),(645.0,902.0),(474.0,764.0),(44.0,365.0)]
Test track:	[(232.0,900.0),(355.0,797.0),(363.0,406.0),(709.0,565.0),(226.0,424.0),(709.0,565.0),(363.0,406.0),(685.0,664.0),(850.0,224.0),(898.0,233.0),(294.0,303.0),(444.0,367.0),(415.0,986.0),(329.0,647.0),(645.0,902.0),(474.0,764.0),(44.0,365.0)]
Graph 6 tested. Completed with 0 errors. Total time:0.016653513 Length difference: 0.0

Current Total Time: 0.02651587


Testing graph 7 with backtrackinggreedy
My track:	[(158.0,639.0),(980.0,84.0),(940.0,770.0),(846.0,784.0),(662.0,914.0),(611.0,599.0),(841.0,167.0),(611.0,599.0),(306.0,326.0),(913.0,837.0),(306.0,326.0),(673.0,101.0),(716.0,408.0),(237.0,754.0),(716.0,408.0),(806.0,175.0),(403.0,692.0),(900.0,795.0),(724.0,678.0),(165.0,613.0),(724.0,678.0),(900.0,795.0),(731.0,754.0),(551.0,378.0),(602.0,771.0),(836.0,772.0),(554.0,902.0),(911.0,882.0)]
Test track:	[(158.0,639.0),(980.0,84.0),(940.0,770.0),(846.0,784.0),(662.0,914.0),(611.0,599.0),(841.0,167.0),(611.0,599.0),(306.0,326.0),(913.0,837.0),(306.0,326.0),(673.0,101.0),(716.0,408.0),(237.0,754.0),(716.0,408.0),(806.0,175.0),(403.0,692.0),(900.0,795.0),(724.0,678.0),(165.0,613.0),(724.0,678.0),(900.0,795.0),(731.0,754.0),(551.0,378.0),(602.0,771.0),(836.0,772.0),(554.0,902.0),(911.0,882.0)]
Graph 7 tested. Completed with 0 errors. Total time:0.086301122 Length difference: 0.0

Current Total Time: 0.112816992


Testing graph 8 with backtrackinggreedy
My track:	[(496.0,901.0),(341.0,515.0),(786.0,629.0),(985.0,983.0),(859.0,721.0),(985.0,983.0),(903.0,127.0),(738.0,238.0),(544.0,381.0),(977.0,991.0),(900.0,916.0),(240.0,962.0),(266.0,681.0),(448.0,290.0),(516.0,616.0),(415.0,606.0),(128.0,385.0),(139.0,219.0),(795.0,20.0),(139.0,219.0),(766.0,776.0),(415.0,611.0),(54.0,332.0),(285.0,583.0)]
Test track:	[(496.0,901.0),(341.0,515.0),(786.0,629.0),(985.0,983.0),(859.0,721.0),(985.0,983.0),(903.0,127.0),(738.0,238.0),(544.0,381.0),(977.0,991.0),(900.0,916.0),(240.0,962.0),(266.0,681.0),(448.0,290.0),(516.0,616.0),(415.0,606.0),(128.0,385.0),(139.0,219.0),(795.0,20.0),(139.0,219.0),(766.0,776.0),(415.0,611.0),(54.0,332.0),(285.0,583.0)]
Graph 8 tested. Completed with 0 errors. Total time:0.560954116 Length difference: 0.0

Current Total Time: 0.673771108


Testing graph 9 with backtrackinggreedy
My track:	[(694.0,254.0),(350.0,737.0),(496.0,766.0),(511.0,803.0),(158.0,177.0),(511.0,803.0),(787.0,318.0),(870.0,394.0),(923.0,329.0),(796.0,663.0),(556.0,459.0),(430.0,747.0),(427.0,475.0),(430.0,747.0),(888.0,971.0),(548.0,713.0),(62.0,517.0),(630.0,322.0),(716.0,573.0),(944.0,385.0),(870.0,53.0),(832.0,285.0),(823.0,266.0),(832.0,285.0),(573.0,273.0),(850.0,507.0)]
Test track:	[(694.0,254.0),(350.0,737.0),(496.0,766.0),(511.0,803.0),(158.0,177.0),(511.0,803.0),(787.0,318.0),(870.0,394.0),(923.0,329.0),(796.0,663.0),(556.0,459.0),(430.0,747.0),(427.0,475.0),(430.0,747.0),(888.0,971.0),(548.0,713.0),(62.0,517.0),(630.0,322.0),(716.0,573.0),(944.0,385.0),(870.0,53.0),(832.0,285.0),(823.0,266.0),(832.0,285.0),(573.0,273.0),(850.0,507.0)]
Graph 9 tested. Completed with 0 errors. Total time:6.036120722 Length difference: 0.0

Current Total Time: 6.70989183


Testing graph 10 with backtrackinggreedy
My track:	[(680.0,552.0),(472.0,297.0),(680.0,552.0),(454.0,295.0),(422.0,467.0),(839.0,588.0),(957.0,548.0),(914.0,626.0),(957.0,548.0),(839.0,588.0),(780.0,172.0),(908.0,284.0),(309.0,540.0),(908.0,284.0),(778.0,24.0),(908.0,284.0),(421.0,354.0),(683.0,203.0),(572.0,295.0),(460.0,951.0),(572.0,295.0),(683.0,203.0),(859.0,321.0),(390.0,5.0),(97.0,802.0),(390.0,5.0),(307.0,603.0),(277.0,986.0),(78.0,773.0),(107.0,859.0),(510.0,857.0),(107.0,859.0),(78.0,773.0),(279.0,198.0),(751.0,259.0),(112.0,128.0),(712.0,478.0),(672.0,14.0),(557.0,203.0),(655.0,26.0)]
Test track:	[(680.0,552.0),(472.0,297.0),(680.0,552.0),(454.0,295.0),(422.0,467.0),(839.0,588.0),(957.0,548.0),(914.0,626.0),(957.0,548.0),(839.0,588.0),(780.0,172.0),(908.0,284.0),(309.0,540.0),(908.0,284.0),(778.0,24.0),(908.0,284.0),(421.0,354.0),(683.0,203.0),(572.0,295.0),(460.0,951.0),(572.0,295.0),(683.0,203.0),(859.0,321.0),(390.0,5.0),(97.0,802.0),(390.0,5.0),(307.0,603.0),(277.0,986.0),(78.0,773.0),(107.0,859.0),(510.0,857.0),(107.0,859.0),(78.0,773.0),(279.0,198.0),(751.0,259.0),(112.0,128.0),(712.0,478.0),(672.0,14.0),(557.0,203.0),(655.0,26.0)]
Graph 10 tested. Completed with 0 errors. Total time:101.818972663 Length difference: 0.0

Current Total Time: 108.528864493


Testing graph 11 with backtrackinggreedy
My track:	[(258.0,340.0),(366.0,127.0),(655.0,359.0),(544.0,775.0),(631.0,450.0),(502.0,189.0),(156.0,416.0),(277.0,25.0),(156.0,416.0),(502.0,189.0),(631.0,450.0),(73.0,822.0)]
Test track:	[(258.0,340.0),(366.0,127.0),(655.0,359.0),(544.0,775.0),(631.0,450.0),(73.0,822.0),(631.0,450.0),(502.0,189.0),(156.0,416.0),(277.0,25.0),(156.0,416.0),(706.0,287.0),(655.0,359.0),(366.0,127.0),(258.0,340.0)]
Graph 11 tested. Completed with 6 errors. Total time:0.003017423 Length difference: 0.0

Current Total Time: 108.531881916


Testing graph 12 with backtrackinggreedy
My track:	[(220.0,639.0),(572.0,665.0),(153.0,211.0),(274.0,373.0),(100.0,482.0),(780.0,7.0),(788.0,75.0),(662.0,316.0),(879.0,796.0),(466.0,648.0),(82.0,723.0),(405.0,823.0),(327.0,943.0),(144.0,366.0),(101.0,123.0),(963.0,904.0),(667.0,23.0),(244.0,168.0),(12.0,501.0),(949.0,789.0),(977.0,602.0)]
Test track:	[(220.0,639.0),(572.0,665.0),(210.0,436.0),(12.0,501.0),(949.0,789.0),(977.0,602.0),(949.0,789.0),(12.0,501.0),(244.0,168.0),(667.0,23.0),(963.0,904.0),(101.0,123.0),(144.0,366.0),(327.0,943.0),(405.0,823.0),(82.0,723.0),(466.0,648.0),(879.0,796.0),(662.0,316.0),(788.0,75.0),(780.0,7.0),(100.0,482.0),(274.0,373.0),(153.0,211.0),(572.0,665.0),(220.0,639.0)]
Graph 12 tested. Completed with 19 errors. Total time:0.033774893 Length difference: 0.0

Current Total Time: 108.565656809


Testing graph 13 with backtrackinggreedy
My track:	[(637.0,858.0),(376.0,921.0),(298.0,914.0),(65.0,847.0),(298.0,914.0),(517.0,792.0),(231.0,790.0),(121.0,667.0),(350.0,520.0),(822.0,671.0),(779.0,444.0),(734.0,316.0),(768.0,605.0),(734.0,316.0),(779.0,444.0),(464.0,253.0),(289.0,356.0),(440.0,530.0),(584.0,673.0),(297.0,741.0),(430.0,254.0),(511.0,66.0),(886.0,876.0),(587.0,206.0)]
Test track:	[(637.0,858.0),(376.0,921.0),(298.0,914.0),(65.0,847.0),(298.0,914.0),(977.0,727.0),(936.0,852.0),(886.0,876.0),(587.0,206.0),(886.0,876.0),(511.0,66.0),(430.0,254.0),(297.0,741.0),(584.0,673.0),(440.0,530.0),(289.0,356.0),(464.0,253.0),(779.0,444.0),(734.0,316.0),(768.0,605.0),(734.0,316.0),(779.0,444.0),(822.0,671.0),(350.0,520.0),(616.0,245.0),(566.0,622.0),(637.0,858.0)]
Graph 13 tested. Completed with 19 errors. Total time:0.392592495 Length difference: 0.0

Current Total Time: 108.958249304


Testing graph 14 with backtrackinggreedy
My track:	[(862.0,62.0),(214.0,479.0),(306.0,645.0),(621.0,257.0),(577.0,305.0),(555.0,813.0),(221.0,494.0),(139.0,766.0),(285.0,580.0),(709.0,574.0),(757.0,671.0),(709.0,574.0),(474.0,90.0),(651.0,208.0),(767.0,116.0),(158.0,578.0),(607.0,304.0),(238.0,77.0),(528.0,514.0),(426.0,298.0),(579.0,229.0)]
Test track:	[(862.0,62.0),(214.0,479.0),(306.0,645.0),(621.0,257.0),(743.0,265.0),(990.0,126.0),(426.0,298.0),(579.0,229.0),(426.0,298.0),(528.0,514.0),(238.0,77.0),(607.0,304.0),(158.0,578.0),(767.0,116.0),(651.0,208.0),(474.0,90.0),(709.0,574.0),(757.0,671.0),(709.0,574.0),(285.0,580.0),(139.0,766.0),(221.0,494.0),(139.0,766.0),(73.0,634.0),(9.0,461.0),(266.0,492.0),(862.0,62.0)]
Graph 14 tested. Completed with 17 errors. Total time:2.382924924 Length difference: 0.0

Current Total Time: 111.341174228


Testing graph 15 with backtrackinggreedy
