Vertex,Edge,Dijkstra,DijkstraPriority
10,20,5.55378E-4,0.001306311
20,90,5.79822E-4,5.20667E-4
30,210,5.48534E-4,4.05777E-4
40,380,0.001058445,4.04311E-4
50,600,0.001174801,5.50488E-4
60,870,9.91956E-4,7.41644E-4
70,1190,0.001662223,8.00311E-4
80,1560,0.002571556,9.20578E-4
90,1980,0.001280889,0.001110267
100,2450,0.001078977,0.001595733
110,2970,0.001756578,0.001710133
120,3540,0.002491378,0.0017072
130,4160,0.001736533,9.11289E-4
140,4830,0.001952623,9.49422E-4
150,5550,0.001546356,0.001160134
160,6320,0.001694489,0.001096089
170,7140,8.40401E-4,0.001029111
180,8010,9.17645E-4,0.001043778
190,8930,0.001298,0.001108311
200,9900,0.001318533,5.62223E-4
210,10920,0.002245467,4.96711E-4
220,11990,0.0020724,9.81689E-4
230,13110,0.002072889,6.53156E-4
240,14280,0.001853866,6.65378E-4
250,15500,0.003012534,7.44089E-4
260,16770,0.003081467,7.62178E-4
270,18090,0.003659822,8.43823E-4
280,19460,0.0031724,9.72889E-4
290,20880,0.003607022,0.001040845
300,22350,0.00330049,9.988E-4
310,23870,0.002844356,0.001097556
320,25440,0.003872001,0.001238356
330,27060,0.003847067,0.001316089
340,28730,0.004574045,0.001321955
350,30450,0.006534979,0.001534133
360,32220,0.006304712,0.001548311
370,34040,0.00713289,0.001633867
380,35910,0.006490001,0.001851422
390,37830,0.008312579,0.002220533
400,39800,0.010621112,0.001949689
410,41820,0.009377868,0.001835778
420,43890,0.008080845,0.002171156
430,46010,0.00950449,0.003439334
440,48180,0.010066712,0.003882267
450,50400,0.010271557,0.004146756
460,52670,0.011355424,0.004029423
470,54990,0.010589335,0.004195156
480,57360,0.016147024,0.004645423
490,59780,0.011192134,0.002445911
500,62250,0.013731913,0.002376978
510,64770,0.008168357,0.003861734
520,67340,0.011936224,0.002840934
530,69960,0.014884224,0.003218356
540,72630,0.017720757,0.003527823
550,75350,0.020086492,0.003421245
560,78120,0.020884359,0.003206623
570,80940,0.016237957,0.003309778
580,83810,0.018479025,0.003500445
590,86730,0.028558448,0.004220089
600,89700,0.025768359,0.005106445
610,92720,0.024714314,0.003906711
620,95790,0.025057026,0.005012089
630,98910,0.01892538,0.004290978
640,102080,0.023269159,0.004281201
650,105300,0.020802713,0.004898179
660,108570,0.030514981,0.004874223
670,111890,0.018611514,0.004982756
680,115260,0.027284892,0.004655689
690,118680,0.019019246,0.006134579
700,122150,0.035046493,0.00568969
710,125670,0.021150802,0.005394401
720,129240,0.037268005,0.005457468
730,132860,0.031657515,0.006230889
740,136530,0.039260716,0.006079823
750,140250,0.031863827,0.007318668
760,144020,0.032882182,0.006601468
770,147840,0.039106717,0.007488312
780,151710,0.046453739,0.00713729
790,155630,0.027578226,0.007934179
800,159600,0.034108315,0.007321112
810,163620,0.032981916,0.00766969
820,167690,0.05136854,0.008308668
830,171810,0.049407606,0.008560934
840,175980,0.06231183,0.007786535
850,180200,0.031997293,0.00716369
860,184470,0.052957918,0.009492757
870,188790,0.05521414,0.007988934
880,193160,0.052963296,0.009031245
890,197580,0.053148096,0.010480802
900,202050,0.053456585,0.00965849
910,206570,0.062497608,0.009825201
920,211140,0.062238986,0.01018649
930,215760,0.06584552,0.010729157
940,220430,0.064043964,0.010361023
950,225150,0.058124496,0.011631646
960,229920,0.077661966,0.010916401
970,234740,0.056110274,0.012013957
980,239610,0.075466365,0.010668535
990,244530,0.069551787,0.011787113
1000,249500,0.060625652,0.011432179
1010,254520,0.059408318,0.012275513
1020,259590,0.079913788,0.012464224
1030,264710,0.076781966,0.012208535
1040,269880,0.11367597,0.016254091
1050,275100,0.055616985,0.012068713
1060,280370,0.068255253,0.013600891
1070,285690,0.088145212,0.01462658
1080,291060,0.094729079,0.012848002
1090,296480,0.062432096,0.013997869
1100,301950,0.074669476,0.013930402
1110,307470,0.099161835,0.015007913
1120,313040,0.101069968,0.014110802
1130,318660,0.094106723,0.015929958
1140,324330,0.095028279,0.016275113
1150,330050,0.084924411,0.018222358
1160,335820,0.106715169,0.016318624
1170,341640,0.099342235,0.015798935
1180,347510,0.124843172,0.018018492
1190,353430,0.114156548,0.018452624
1200,359400,0.07936721,0.017331113
1210,365420,0.079248899,0.020707869
1220,371490,0.111844103,0.019247558
1230,377610,0.11537877,0.016685291
1240,383780,0.073256587,0.017938803
1250,390000,0.132286995,0.019940803
1260,396270,0.085126322,0.020014136
1270,402590,0.12606686,0.020297203
1280,408960,0.091055078,0.019910491
1290,415380,0.095721035,0.022337825
1300,421850,0.121040104,0.021374225
1310,428370,0.12827615,0.021527247
1320,434940,0.112265526,0.019960847
1330,441560,0.138671884,0.023441736
1340,448230,0.108704458,0.019458269
1350,454950,0.095113835,0.021242225
1360,461720,0.128116283,0.024737292
1370,468540,0.185695668,0.023944803
1380,475410,0.16652291,0.022937203
1390,482330,0.127821972,0.023967292
1400,489300,0.184631357,0.02448747
1410,496320,0.232363541,0.025225692
1420,503390,0.15649042,0.02567107
1430,510510,0.163570509,0.027674537
1440,517680,0.178209801,0.027468715
1450,524900,0.168224243,0.026420537
1460,532170,0.146584063,0.027601692
1470,539490,0.192265357,0.027665248
1480,546860,0.211203938,0.030165915
1490,554280,0.183065446,0.027997693
1500,561750,0.144948729,0.031510848
1510,569270,0.151958419,0.03231556
1520,576840,0.237566297,0.028310093
1530,584460,0.205200382,0.031230715
1540,592130,0.150492241,0.026646892
1550,599850,0.208867049,0.029425248
1560,607620,0.202217181,0.03096476
1570,615440,0.206347804,0.031711782
1580,623310,0.173987267,0.034118582
1590,631230,0.258213544,0.035630716
1600,639200,0.182521312,0.032901737
1610,647220,0.219296028,0.030448003
1620,655290,0.162860154,0.032444138
1630,663410,0.183195979,0.030470493
1640,671580,0.246258742,0.032875338
1650,679800,0.160183487,0.034161115
1660,688070,0.216367094,0.037464538
1670,696390,0.181823668,0.03524156
1680,704760,0.323194708,0.040331871
1690,713180,0.211234249,0.041598094
1700,721650,0.219013939,0.041662139
1710,730170,0.283170835,0.039956405
1720,738740,0.273680035,0.03768405
1730,747360,0.303879683,0.037150672
1740,756030,0.258979633,0.037563782
1750,764750,0.243466698,0.037972005
1760,773520,0.30428986,0.038847605
1770,782340,0.22787994,0.039902627
1780,791210,0.252525321,0.045244228
1790,800130,0.305014884,0.041955472
1800,809100,0.296251059,0.042234139
1810,818120,0.264372078,0.04421365
1820,827190,0.291986481,0.042981161
1830,836310,0.290192259,0.043304806
1840,845480,0.335847642,0.044841384
1850,854700,0.283121459,0.041656272
1860,863970,0.32417493,0.046786183
1870,873290,0.230224162,0.052092095
1880,882660,0.280457013,0.050283206
1890,892080,0.364265291,0.043405028
1900,901550,0.258292744,0.042201383
1910,911070,0.354426401,0.051040006
1920,920640,0.404452451,0.046814051
1930,930260,0.36745138,0.050167829
1940,939930,0.473698682,0.052867962
1950,949650,0.261810789,0.049536184
1960,959420,0.388150449,0.056646096
1970,969240,0.327453419,0.047840718
1980,979110,0.410007207,0.057404363
1990,989030,0.405760718,0.058097119
2000,999000,0.41471863,0.052721295
