Vertex,Edge,Visits,Greedy,Backtracking,GreedyBacktracking,B&B1,B&B2,B&B3
300,10000,10,0.033712804,0.104936591,0.086210677,0.059169252,0.060901386
400,10000,10,0.005392445,0.063238764,0.105304725,0.066852631,0.070328142
500,10000,10,0.010817157,0.127383438,0.114138458,0.073137298,0.079874677
600,10000,10,0.006168312,0.064249786,0.095783123,0.074783388,0.079486499
700,10000,10,0.006467512,0.129081349,0.104542546,0.090231789,0.09537099
800,10000,10,0.006681156,0.137910684,0.105745702,0.086234633,0.088783211
900,10000,10,0.007141201,0.197645581,0.123681082,0.088744589,0.094991123
1000,10000,10,0.007371957,0.159993798,0.116872326,0.089742411,0.095342634
1100,10000,10,0.007524001,0.195082824,0.125581393,0.092236722,0.098782946
1200,10000,10,0.007998712,0.161544554,0.121902505,0.09833219,0.107590769
1300,10000,10,0.008177157,0.209798382,0.125388771,0.101484058,0.111904725
1400,10000,10,0.008881157,0.18147949,0.127211839,0.10495908,0.113413925
1500,10000,10,0.009019023,0.308687906,0.145986641,0.111158192,0.118738415
1600,10000,10,0.009219468,0.306276706,0.142983396,0.113373837,0.121485482
1700,10000,10,0.009629157,0.356916312,0.155541976,0.114842948,0.12430686
1800,10000,10,0.010588845,0.304010706,0.149135575,0.124770327,0.133455439
1900,10000,10,0.010228535,0.306770483,0.151211397,0.128963039,0.136922151
2000,10000,10,0.010680268,0.346544044,0.160202554,0.129813217,0.137939529
2100,10000,10,0.010834757,0.306805195,0.156936286,0.131906639,0.14524353
2200,10000,10,0.011416535,0.447745035,0.1749582,0.141802729,0.152443886
2300,10000,10,0.011395024,0.403513785,0.16238202,0.14117744,0.149778464
2400,10000,10,0.012081912,0.320853907,0.171070555,0.143864374,0.155497486
2500,10000,10,0.011981201,0.443141657,0.176495266,0.148413974,0.159633976
2600,10000,10,0.012159646,0.494224685,0.187285535,0.148397352,0.164061843
2700,10000,10,0.012530713,0.524050333,0.184074513,0.157934109,0.170036555
2800,10000,10,0.013191202,0.383796404,0.185742601,0.154252775,0.179118645
2900,10000,10,0.012927691,0.527382601,0.197020781,0.159624198,0.173099933
3000,10000,10,0.013906935,0.455171746,0.201915537,0.161508865,0.175306289
3100,10000,10,0.013929424,0.526560778,0.217593716,0.174373978,0.185683935
3200,10000,10,0.014504357,0.500580241,0.199992736,0.171050511,0.182128245
3300,10000,10,0.014584046,0.47646335,0.219755094,0.176225889,0.189992024
3400,10000,10,0.014853424,0.358790712,0.201230603,0.1748878,0.196717181
3500,10000,10,0.014776669,0.529102023,0.219993673,0.179771312,0.19568758
3600,10000,10,0.015052402,0.449572501,0.211455716,0.186551712,0.199372336
3700,10000,10,0.01563858,0.584815319,0.21605225,0.187281624,0.203204248
3800,10000,10,0.015410269,0.51084202,0.20921856,0.190450602,0.203623226
3900,10000,10,0.016031158,0.546032736,0.229766074,0.191697269,0.207901493
4000,10000,10,0.016372891,0.666879729,0.224932918,0.196204336,0.211182916
4100,10000,10,0.016111824,0.821782727,0.233116918,0.201175358,0.214355316
4200,10000,10,0.016653513,0.860685576,0.239842075,0.205906337,0.220684962
4300,10000,10,0.017224536,0.359933734,0.22309225,0.201839759,0.220377939
4400,10000,10,0.017301291,0.548043536,0.236622741,0.206199182,0.221937006
4500,10000,10,0.017078847,0.702157956,0.233807719,0.210907183,0.226518385
4600,10000,10,0.017704625,0.829125349,0.248112609,0.210737049,0.228032474
4700,10000,10,0.017513468,1.036820043,0.252247143,0.21978345,0.239417719
4800,10000,10,0.017827336,1.098183429,0.252619188,0.217843539,0.23480163
4900,10000,10,0.018367558,0.67575013,0.249355365,0.219793717,0.238824697
5000,10000,10,0.018473647,1.142689434,0.260002878,0.223465272,0.241719897
5100,10000,10,0.018859869,1.124431387,0.258431588,0.225828562,0.24580652
5200,10000,10,0.018882847,0.612495233,0.265282389,0.228307718,0.248569721
5300,10000,10,0.018752313,0.985767814,0.262055722,0.234748341,0.252547321
5400,10000,10,0.018966447,0.723571292,0.265750256,0.233333985,0.251432654
5500,10000,10,0.019676802,1.264633494,0.270428434,0.24942381,0.266624878
5600,10000,10,0.01989778,0.851535041,0.283858703,0.236793852,0.256385588
5700,10000,10,0.020279114,1.202622819,0.277212747,0.245166076,0.265228123
5800,10000,10,0.019886047,1.115378142,0.275053324,0.24445572,0.266465989
5900,10000,10,0.02043018,1.378638486,0.281698303,0.245652521,0.268374123
6000,10000,10,0.020719602,0.920444917,0.284952347,0.248568743,0.271774346
6100,10000,10,0.020775825,0.776090188,0.281097458,0.24829692,0.270138034
6200,10000,10,0.022210714,1.06217089,0.285851903,0.258209144,0.27619928
6300,10000,10,0.021487647,0.775878987,0.297582305,0.252718432,0.274125901
6400,10000,10,0.021665113,0.855077042,0.279462125,0.25778381,0.279911902
6500,10000,10,0.020992403,0.957794078,0.294053504,0.255493365,0.275944079
6600,10000,10,0.021953069,1.825449743,0.300535683,0.2698535,0.292894837
6700,10000,10,0.021523825,1.265714916,0.301124305,0.267202256,0.292474393
6800,10000,10,0.022989514,1.233775312,0.305122927,0.267462834,0.290972037
6900,10000,10,0.022909825,1.718469596,0.343964177,0.285649014,0.303129727
7000,10000,10,0.022173069,0.762238497,0.313422306,0.295597904,0.299495816
7100,10000,10,0.022864847,1.548302997,0.328564664,0.287197325,0.308278217
7200,10000,10,0.022991469,0.62125319,0.307936483,0.277952435,0.296499904
7300,10000,10,0.023659292,1.302953587,0.297175549,0.277628302,0.301206439
7400,10000,10,0.022617958,1.09165285,0.308786661,0.276925768,0.301141905
7500,10000,10,0.022737736,1.299585632,0.314307196,0.277293902,0.300824127
7600,10000,10,0.023218314,1.15625708,0.305880706,0.278910169,0.304117772
7700,10000,10,0.023581558,1.367176484,0.318781018,0.281420124,0.306662439
7800,10000,10,0.02347058,1.498835257,0.324193996,0.294424571,0.314169818
7900,10000,10,0.024087559,0.992028037,0.316376662,0.295159371,0.30748035
8000,10000,10,0.024310981,0.820379127,0.310858084,0.287763459,0.309808928
8100,10000,10,0.024191692,1.195133041,0.316796618,0.289523459,0.319333952
8200,10000,10,0.024363781,1.327148702,0.333880842,0.350989022,0.337911732
8300,10000,10,0.025985426,1.385245332,0.327489108,0.29946355,0.320854397
8400,10000,10,0.025034536,1.152453524,0.339313377,0.303359994,0.326900974
8500,10000,10,0.023997114,1.842835612,0.33268942,0.303738394,0.327124397
8600,10000,10,0.025200269,1.990127586,0.33886311,0.301775994,0.336516932
8700,10000,10,0.024416581,1.433955293,0.337826176,0.296558571,0.324822708
8800,10000,10,0.025255025,1.61056496,0.329372309,0.30073906,0.322201774
8900,10000,10,0.025179248,1.199793619,0.334325243,0.297638038,0.320691108
9000,10000,10,0.024596981,1.127930365,0.331905242,0.299178038,0.325872841
9100,10000,10,0.025190003,0.936340163,0.331521953,0.301990127,0.323015774
9200,10000,10,0.024504092,1.882176995,0.338997555,0.302648661,0.327713019
9300,10000,10,0.02465467,1.26174905,0.332747109,0.306543639,0.328824264
9400,10000,10,0.025200759,1.797740495,0.331167509,0.301769638,0.327578086
9500,10000,10,0.02481747,0.976792791,0.321017196,0.304381283,0.32906333
9600,10000,10,0.024589648,1.212918332,0.335680443,0.302022394,0.331858798
9700,10000,10,0.025137204,1.33608608,0.329747776,0.306332439,0.326118263
9800,10000,10,0.024322715,1.872857305,0.326375908,0.292856215,0.325401553
9900,10000,10,0.025005203,1.582787267,0.335332354,0.301038261,0.322663285
10000,10000,10,0.024451292,1.543623352,0.326043463,0.307442705,0.334243598
10100,10000,10,0.024863426,1.806931608,0.33620942,0.307294573,0.330550531
10200,10000,10,0.024832626,2.650177536,0.331373819,0.315105063,0.34129191
